HA: 3.97234421365	
AQ: 5.04449959408	
PS: 5.67256679734	
ML (1): 8.70359814233	
WN: 9.12802765598	
F9: 9.93334123844	
PA (1): 10.3448087598	
US: 10.5314235639	
NW: 10.584071568	
OO: 10.6607523653	
